Blood Pressure Count:
BloodPressure
70     57
74     52
78     45
68     45
72     44
64     43
80     40
76     39
60     37
0      35
62     34
66     30
82     30
88     25
84     23
90     22
86     21
58     21
50     13
56     12
52     11
54     11
75      8
92      8
65      7
85      6
94      6
48      5
96      4
44      4
100     3
106     3
98      3
110     3
55      2
108     2
104     2
46      2
30      2
122     1
95      1
102     1
61      1
24      1
38      1
40      1
114     1
Name: count, dtype: int64
